2.831774933134340699e+00
1.603888228520666814e+00
3.491505528856404084e+00
2.473119948251643052e+00
4.733578120719968751e+00
4.863004072705734870e+00
4.008721945140607090e+00
3.969376213411564436e+00
4.850878927762217074e+00
4.570499215202602272e+00
4.904918224184648068e+00
4.895257078972250042e+00
4.529200320020315473e+00
3.683069474568291923e+00
4.066286226419620675e+00
3.528167514582548847e+00
5.270406209075545689e+00
7.051046259862886245e+00
7.135367145562923952e+00
3.887189457224216937e+00
2.946310909342873430e+00
7.051046259862886245e+00
5.130227505910511354e+00
4.460012672762964314e+00
3.991278054859392910e+00
3.231254085113398844e+00
4.314851347515940461e+00
3.135367145562920399e+00
3.382039478904310670e+00
3.490378953693149100e+00
1.859160733623973272e+00
2.577016082120366036e+00
