3.382039478904310670e+00
2.302858232856685561e+00
2.266646060202241131e+00
2.946310909342873430e+00
2.109038206840573082e+00
2.832801634515355715e+00
3.279666570194752495e+00
2.881268203187921983e+00
2.015507934483895980e+00
2.785731816465439437e+00
2.768241084305103072e+00
1.653106251190848752e+00
1.625077527590605087e+00
2.145467472467249337e+00
2.205948219848629321e+00
2.135367145562920399e+00
2.214548391610545508e+00
2.884921595768393132e+00
2.334670504187055684e+00
2.984099470232273177e+00
2.829197510246530101e+00
2.774736432163976474e+00
2.664586068874278624e+00
2.285129465896254430e+00
3.214548391610545508e+00
2.704947583428783275e+00
3.155338226493540787e+00
3.386360852686951972e+00
2.725119683670289561e+00
2.555225747316583806e+00
2.764656790381796014e+00
3.714477938819914726e+00
3.526094505959683545e+00
3.162596799053833507e+00
3.969376213411564436e+00
4.689535516817521454e+00
3.784587429816703263e+00
3.867287559854670320e+00
4.022189519840409844e+00
4.503708730947764138e+00
